SESSION session_mguib2vb GPS POINTS CHUNK 1
132239,-35.3611286,149.1657814,51.27
132242,-35.361131,149.1657703,50.84
133501,-35.3611317,149.1657582,50.44
133506,-35.3611308,149.1657448,50.04
133510,-35.3611286,149.165731,49.66
133514,-35.361125,149.1657165,49.29
133518,-35.3611208,149.1657021,48.94
134677,-35.3611153,149.1656874,48.59
134691,-35.3611089,149.1656726,48.24
134710,-35.3611014,149.1656585,47.91
134715,-35.3610927,149.1656448,47.57
134720,-35.3610831,149.1656322,47.24
135898,-35.3610727,149.1656205,46.9
135905,-35.3610617,149.1656099,46.56
135908,-35.3610506,149.1656004,46.2
135933,-35.3610392,149.1655923,45.83
135937,-35.3610281,149.1655856,45.45
137070,-35.3610174,149.1655806,45.07
137073,-35.3610071,149.1655769,44.67
137077,-35.3609977,149.1655752,44.28
137080,-35.3609889,149.1655748,43.89
137083,-35.3609814,149.1655757,43.5
138209,-35.3609748,149.1655778,43.11
138214,-35.3609692,149.1655807,42.73
138240,-35.3609646,149.1655844,42.36
138245,-35.3609611,149.1655886,41.98
138262,-35.3609584,149.165593,41.62
139416,-35.3609566,149.1655973,41.26
139421,-35.3609554,149.1656014,40.9
139439,-35.3609547,149.1656051,40.54
139443,-35.3609545,149.1656085,40.18
139450,-35.3609548,149.1656111,39.82
140652,-35.3609554,149.1656129,39.46
140661,-35.3609563,149.1656141,39.11
140666,-35.3609569,149.1656143,38.76
140671,-35.3609571,149.1656138,38.41
140681,-35.3609566,149.1656124,38.06
141834,-35.3609557,149.1656102,37.71
141839,-35.360954,149.1656071,37.36
141842,-35.3609516,149.1656032,37.01
141846,-35.3609485,149.1655987,36.66
141849,-35.3609449,149.1655936,36.32
143008,-35.3609408,149.1655879,35.97
143014,-35.3609365,149.1655819,35.63
143024,-35.3609317,149.1655755,35.28
143030,-35.3609267,149.1655691,34.93
143051,-35.3609213,149.1655626,34.58
144203,-35.3609158,149.1655563,34.23
144233,-35.3609101,149.1655501,33.87
144238,-35.360904,149.1655444,33.51
144243,-35.3608977,149.1655393,33.15
144250,-35.3608914,149.1655346,32.79
147474,-35.3608852,149.1655305,32.42
147477,-35.3608788,149.1655271,32.05
147479,-35.3608731,149.1655245,31.68
147481,-35.3608675,149.1655224,31.310000000000002
147483,-35.3608623,149.1655211,30.93
147485,-35.3608576,149.1655202,30.57
147488,-35.3608533,149.1655195,30.189999999999998
147490,-35.3608496,149.1655192,29.83
147492,-35.3608465,149.165519,29.46
147683,-35.3608439,149.1655185,29.090000000000003
147687,-35.3608417,149.1655181,28.729999999999997
147691,-35.3608401,149.1655173,28.36
147695,-35.3608389,149.1655161,28
147698,-35.360838,149.1655141,27.64
148876,-35.3608374,149.1655113,27.28
148882,-35.3608368,149.1655075,26.93
148888,-35.3608363,149.1655027,26.57
148895,-35.3608359,149.1654968,26.22
148898,-35.3608354,149.1654898,25.869999999999997
149987,-35.3608348,149.1654821,25.53
149991,-35.3608341,149.1654735,25.18
149995,-35.3608334,149.1654644,24.83
149997,-35.3608326,149.1654552,24.49
150001,-35.3608318,149.1654455,24.14
151196,-35.3608307,149.1654357,23.79
151218,-35.3608295,149.1654261,23.43
151224,-35.3608278,149.1654164,23.07
151234,-35.3608259,149.165407,22.71
151266,-35.3608235,149.1653979,22.35
152502,-35.3608209,149.1653893,21.98
152506,-35.360818,149.1653813,21.61
152509,-35.3608147,149.1653739,21.24
152512,-35.3608113,149.1653672,20.87
152521,-35.3608077,149.1653612,20.5
152647,-35.3608043,149.165356,20.13
153761,-35.3608008,149.1653514,19.76
153767,-35.3607974,149.1653476,19.39
153770,-35.3607943,149.1653442,19.02
153775,-35.3607918,149.1653413,18.66
153824,-35.3607894,149.1653388,18.29
155013,-35.3607876,149.1653365,17.92
155020,-35.3607864,149.1653344,17.56
155027,-35.3607857,149.1653322,17.19
155038,-35.3607857,149.1653299,16.83
155053,-35.3607862,149.165327,16.48
156185,-35.3607873,149.1653237,16.12
156202,-35.3607888,149.1653197,15.77
156206,-35.3607912,149.1653146,15.41
156224,-35.3607937,149.1653088,15.07
156248,-35.360797,149.1653022,14.71
157425,-35.3608003,149.1652952,14.370000000000001
157429,-35.360804,149.1652875,14.030000000000001
157434,-35.3608081,149.1652792,13.68
157437,-35.360812,149.1652709,13.329999999999998
157449,-35.360816,149.1652623,12.989999999999998
158653,-35.3608198,149.1652535,12.629999999999999
158657,-35.3608234,149.1652446,12.27
158660,-35.3608265,149.1652356,11.91
158664,-35.3608294,149.1652267,11.55
158667,-35.3608317,149.1652176,11.18
159821,-35.3608334,149.1652088,10.809999999999999
159824,-35.3608345,149.1652004,10.45
159828,-35.3608354,149.1651924,10.079999999999998
159832,-35.3608356,149.1651847,9.7
159846,-35.3608354,149.1651776,9.329999999999998
161022,-35.3608349,149.1651712,8.96
161041,-35.3608342,149.1651652,8.59
161045,-35.3608334,149.16516,8.23
161049,-35.3608326,149.1651555,7.85
161060,-35.3608319,149.1651516,7.49
162224,-35.3608313,149.165148,7.130000000000001
162231,-35.3608313,149.1651451,6.76
162237,-35.3608314,149.1651427,6.4
162243,-35.3608323,149.1651407,6.029999999999999
162248,-35.3608337,149.1651388,5.68
163476,-35.3608357,149.1651369,5.32
163481,-35.3608387,149.1651349,4.960000000000001
163485,-35.3608424,149.1651326,4.609999999999999
163488,-35.3608471,149.16513,4.27
163493,-35.3608525,149.1651271,3.9299999999999997
164671,-35.3608586,149.1651238,3.5999999999999996
164675,-35.3608649,149.1651202,3.289999999999999
164679,-35.360872,149.1651166,2.9800000000000004
164682,-35.3608791,149.1651126,2.6899999999999995
164693,-35.3608864,149.1651087,2.4000000000000004
165831,-35.3608937,149.1651044,2.119999999999999
165835,-35.3609009,149.1650999,1.8499999999999996
165838,-35.3609079,149.1650949,1.58
165842,-35.3609145,149.1650899,1.33
165845,-35.3609207,149.1650843,1.08
166986,-35.3609263,149.1650786,0.8399999999999999
166990,-35.3609317,149.1650728,0.5999999999999996
166994,-35.3609362,149.165067,0.3799999999999999
166997,-35.3609401,149.1650612,0.16000000000000014
167034,-35.3609433,149.1650556,-0.040000000000000036
168162,-35.3609461,149.1650505,-0.23000000000000043
168166,-35.3609482,149.1650455,-0.41999999999999993
168175,-35.36095,149.1650412,-0.5899999999999999
168180,-35.3609516,149.1650374,-0.7599999999999998
168234,-35.3609529,149.1650344,-0.9100000000000001
169421,-35.3609542,149.1650321,-1.0599999999999996
169426,-35.3609555,149.1650306,-1.1799999999999997
169432,-35.360957,149.16503,-1.1799999999999997
169436,-35.3609581,149.1650297,-1.1600000000000001
169449,-35.3609589,149.1650297,-1.1399999999999997
170587,-35.3609595,149.1650296,-1.13
170611,-35.3609602,149.1650293,-1.1500000000000004
170617,-35.3609612,149.1650292,-1.1799999999999997
170623,-35.3609614,149.1650292,-1.1799999999999997
170641,-35.3609615,149.1650292,-1.1799999999999997
171843,-35.3609615,149.1650292,-1.1799999999999997
171844,-35.3609615,149.1650293,-1.1799999999999997
171846,-35.3609617,149.1650293,-1.1799999999999997
171847,-35.3609615,149.1650296,-1.1799999999999997
171850,-35.3609617,149.1650297,-1.1799999999999997
173011,-35.3609618,149.1650297,-1.1799999999999997
173015,-35.3609619,149.1650298,-1.1799999999999997
173019,-35.360962,149.16503,-1.17
173029,-35.360962,149.1650301,-1.17
173057,-35.3609621,149.1650302,-1.17
174145,-35.3609621,149.1650302,-1.17
174148,-35.3609621,149.1650302,-1.17
174152,-35.3609623,149.1650304,-1.17
174156,-35.3609623,149.1650306,-1.17
176426,-35.3609624,149.1650307,-1.17
176429,-35.3609624,149.1650307,-1.17
176431,-35.3609625,149.1650309,-1.17
176433,-35.3609625,149.165031,-1.17
176436,-35.3609626,149.1650311,-1.17
176440,-35.3609626,149.1650312,-1.1799999999999997
176442,-35.3609626,149.1650311,-1.1799999999999997
176459,-35.3609626,149.165031,-9.399000000000001
176462,-35.3609625,149.1650305,-9.408999999999999
176465,-35.3609624,149.1650297,-9.429
177589,-35.3609625,149.1650297,-9.429
177595,-35.3609623,149.16503,-9.419
177597,-35.3609623,149.16503,-9.429
177599,-35.3609623,149.16503,-9.429
177609,-35.3609623,149.16503,-9.429
178854,-35.3609623,149.16503,-9.429
178859,-35.3609623,149.16503,-9.429
178871,-35.3609623,149.16503,-9.429
178874,-35.3609623,149.16503,-9.429
178890,-35.3609623,149.16503,-9.429
179990,-35.3609623,149.16503,-9.429
179992,-35.3609623,149.16503,-9.429
179995,-35.3609623,149.16503,-9.429
179997,-35.3609623,149.16503,-9.429
180013,-35.3609623,149.16503,-9.429
181108,-35.3609623,149.16503,-9.429
181111,-35.3609623,149.16503,-9.429
181113,-35.3609623,149.16503,-9.429
181117,-35.3609623,149.1650298,-9.39
181208,-35.3609623,149.16503,-9.39
182320,-35.3609623,149.1650298,-9.39
182328,-35.3609623,149.16503,-9.39
182332,-35.3609623,149.1650298,-9.39
182335,-35.3609623,149.1650298,-9.39
182409,-35.3609623,149.16503,-9.39
183510,-35.3609623,149.16503,-9.39
183512,-35.3609623,149.16503,-9.39
183514,-35.3609623,149.16503,-9.39
183518,-35.3609623,149.16503,-9.39
184611,-35.3609623,149.1650298,-9.39
184618,-35.3609623,149.16503,-9.39
184622,-35.3609623,149.16503,-9.39
184633,-35.3609623,149.16503,-9.39
184635,-35.3609623,149.16503,-9.39
185738,-35.3609623,149.16503,-9.39
185742,-35.3609623,149.16503,-9.39
185746,-35.3609623,149.16503,-9.39
185750,-35.3609623,149.1650298,-9.39
185803,-35.3609623,149.16503,-9.39
187002,-35.3609623,149.16503,-9.39
187004,-35.3609623,149.16503,-9.39
187005,-35.3609623,149.16503,-9.39
187007,-35.3609623,149.16503,-9.39
187008,-35.3609623,149.16503,-9.39
188183,-35.3609623,149.16503,-9.39
188185,-35.3609623,149.16503,-9.39
188186,-35.3609623,149.16503,-9.39
188224,-35.3609623,149.16503,-9.39
188235,-35.3609623,149.16503,-9.39
189352,-35.3609623,149.16503,-9.39
189372,-35.3609623,149.16503,-9.39
189376,-35.3609623,149.1650298,-9.39
189380,-35.3609623,149.16503,-9.39
189393,-35.3609623,149.16503,-9.39
191598,-35.3609623,149.16503,-9.39
192746,-35.3609623,149.16503,-9.39
192748,-35.3609623,149.1650298,-9.39
192750,-35.3609623,149.16503,-9.39
192752,-35.3609623,149.16503,-9.39
192755,-35.3609623,149.16503,-9.39
193877,-35.3609623,149.16503,-9.39
193879,-35.3609623,149.16503,-9.39
193880,-35.3609623,149.16503,-9.39
193882,-35.3609623,149.16503,-9.39
193953,-35.3609623,149.16503,-9.39
195062,-35.3609623,149.16503,-9.39
195063,-35.3609623,149.16503,-9.39
195075,-35.3609623,149.16503,-9.39
195077,-35.3609623,149.1650298,-9.39
195150,-35.3609623,149.16503,-9.39
196264,-35.3609623,149.16503,-9.39
196266,-35.3609623,149.16503,-9.39
196267,-35.3609623,149.1650298,-9.39
196277,-35.3609623,149.16503,-9.39
196350,-35.3609623,149.16503,-9.39
197428,-35.3609623,149.16503,-9.39
197429,-35.3609623,149.16503,-9.39
197436,-35.3609623,149.16503,-9.39
197437,-35.3609623,149.16503,-9.39
197550,-35.3609623,149.16503,-9.39
197797,-35.3609623,149.1650298,-9.39
198992,-35.3609623,149.16503,-9.39
199000,-35.3609623,149.16503,-9.39
199003,-35.3609623,149.16503,-9.39
199005,-35.3609623,149.1650298,-9.39
199015,-35.3609623,149.16503,-9.39
200210,-35.3609623,149.1650298,-9.39
200215,-35.3609623,149.16503,-9.39
200227,-35.3609623,149.16503,-9.39
200230,-35.3609623,149.1650298,-9.39
200242,-35.3609623,149.1650298,-9.39
201441,-35.3609623,149.16503,-9.39
201443,-35.3609623,149.16503,-9.39
201444,-35.3609623,149.1650298,-9.39
201445,-35.3609623,149.16503,-9.39
201566,-35.3609623,149.16503,-9.39
201636,-35.3609623,149.1650298,-9.39
202851,-35.3609623,149.16503,-9.39
202853,-35.3609623,149.1650298,-9.39
202865,-35.3609623,149.1650298,-9.39
202882,-35.3609623,149.16503,-9.39
202886,-35.3609623,149.16503,-9.39
203991,-35.3609623,149.16503,-9.39
203992,-35.3609623,149.1650298,-9.39
203994,-35.3609623,149.16503,-9.39
203995,-35.3609623,149.16503,-9.39
204035,-35.3609623,149.1650298,-9.39
206448,-35.3609623,149.16503,-9.39
206450,-35.3609623,149.16503,-9.39
206452,-35.3609623,149.16503,-9.39
206454,-35.3609623,149.1650298,-9.39
206455,-35.3609623,149.1650298,-9.39
206457,-35.3609623,149.16503,-9.39
206459,-35.3609623,149.1650298,-9.39
206462,-35.3609623,149.1650298,-9.39
206463,-35.3609623,149.16503,-9.39
206468,-35.3609623,149.16503,-9.39
207578,-35.3609623,149.1650298,-9.39
207581,-35.3609623,149.16503,-9.39
207588,-35.3609623,149.16503,-9.39
207589,-35.3609623,149.16503,-9.39